% Absolute, Relative
n50_gpu_1.l1_error=[
04096,     4.388037e+00,      1.302891e-01 
05184,     4.133417e+00,      9.693588e-02 
06400,     4.021125e+00,      7.635114e-02 
07225,     3.888995e+00,      6.541996e-02 
08100,     3.619189e+00,      5.425560e-02 
09216,     3.327269e+00,      4.394107e-02 
10201,     3.106359e+00,      3.705228e-02 
15129,     2.769683e+00,      2.224703e-02 
20164,     2.403070e+00,      1.448723e-02 
25600,     2.232282e+00,      1.060352e-02 
27556,     2.175942e+00,      9.601769e-03 
];


n50_gpu_1.l2_error=[
04096,     2.256942e-01,      5.106329e-02 
05184,     1.939228e-01,      3.899731e-02 
06400,     1.768047e-01,      3.194589e-02 
07225,     1.625075e-01,      2.765700e-02 
08100,     1.449959e-01,      2.328550e-02 
09216,     1.269276e-01,      1.914584e-02 
10201,     1.149914e-01,      1.648793e-02 
15129,     8.993238e-02,      1.057689e-02 
20164,     7.158640e-02,      7.293615e-03 
25600,     6.153746e-02,      5.566271e-03 
27556,     5.857330e-02,      5.106201e-03 
];


n50_gpu_1.linf_error=[
04096,     2.485899e-02,      2.490161e-02 
05184,     1.926323e-02,      1.949286e-02 
06400,     1.904830e-02,      1.930272e-02 
07225,     1.565518e-02,      1.586451e-02 
08100,     1.225471e-02,      1.236371e-02 
09216,     1.029664e-02,      1.037578e-02 
10201,     9.311512e-03,      9.375519e-03 
15129,     6.277640e-03,      6.296628e-03 
20164,     4.589232e-03,      4.593739e-03 
25600,     3.621953e-03,      3.623500e-03 
27556,     3.335888e-03,      3.343793e-03 
];


% Benchmarks
% Avg (in ms), Total, Count
n50_gpu_1.advance=[
04096,          4.4566  ,      44566.4062  ,      10000
05184,          5.5758  ,      55757.5039  ,      10000
06400,          6.7905  ,      67904.9453  ,      10000
07225,          7.5911  ,      75910.6797  ,      10000
08100,          8.4737  ,      84736.6953  ,      10000
09216,          9.5912  ,      95912.2969  ,      10000
10201,         10.6013  ,      106013.3516  ,      10000
15129,         15.5614  ,      155613.5156  ,      10000
20164,         20.6144  ,      206144.4844  ,      10000
25600,         25.9840  ,      259839.7656  ,      10000
27556,         27.9530  ,      279530.1250  ,      10000
];


n50_gpu_1.rk4_eval=[
04096,          1.0974  ,      43896.6602  ,      40000
05184,          1.3772  ,      55089.1758  ,      40000
06400,          1.6803  ,      67211.9844  ,      40000
07225,          1.8796  ,      75183.9609  ,      40000
08100,          2.1011  ,      84042.9531  ,      40000
09216,          2.3810  ,      95238.7969  ,      40000
10201,          2.6317  ,      105266.1250  ,      40000
15129,          3.8714  ,      154857.4688  ,      40000
20164,          5.1326  ,      205304.9375  ,      40000
25600,          6.4759  ,      259036.5781  ,      40000
27556,          6.9657  ,      278627.5938  ,      40000
];


n50_gpu_1.rk4_adv=[
04096,          0.0551  ,        551.0959  ,      10000
05184,          0.0554  ,        554.0975  ,      10000
06400,          0.0573  ,        572.5391  ,      10000
07225,          0.0612  ,        612.4993  ,      10000
08100,          0.0577  ,        577.1017  ,      10000
09216,          0.0560  ,        559.5781  ,      10000
10201,          0.0635  ,        635.4497  ,      10000
15129,          0.0644  ,        643.5719  ,      10000
20164,          0.0704  ,        703.6685  ,      10000
25600,          0.0674  ,        673.8622  ,      10000
27556,          0.0775  ,        774.8146  ,      10000
];


n50_gpu_1.sendrecv=[
04096,          0.0030  ,          0.0030  ,          1
05184,          0.0020  ,          0.0020  ,          1
06400,          0.0030  ,          0.0030  ,          1
07225,          0.0050  ,          0.0050  ,          1
08100,          0.0040  ,          0.0040  ,          1
09216,          0.0030  ,          0.0030  ,          1
10201,          0.0030  ,          0.0030  ,          1
15129,          0.0020  ,          0.0020  ,          1
20164,          0.0030  ,          0.0030  ,          1
25600,          0.0030  ,          0.0030  ,          1
27556,          0.0040  ,          0.0040  ,          1
];
