% Absolute, Relative
n31_gpu_1.l1_error=[
04096,     1.534504e+01,      4.556233e-01 
05184,     1.438288e+01,      3.373038e-01 
06400,     1.291291e+01,      2.451840e-01 
07225,     1.190105e+01,      2.001972e-01 
08100,     1.094871e+01,      1.641331e-01 
09216,     9.915463e+00,      1.309471e-01 
10201,     9.275412e+00,      1.106360e-01 
15129,     7.661833e+00,      6.154243e-02 
20164,     6.581603e+00,      3.967807e-02 
25600,     5.901004e+00,      2.803023e-02 
27556,     5.739273e+00,      2.532565e-02 
];


n31_gpu_1.l2_error=[
04096,     9.896454e-01,      2.239072e-01 
05184,     8.089456e-01,      1.626766e-01 
06400,     6.336955e-01,      1.144990e-01 
07225,     5.386407e-01,      9.167075e-02 
08100,     4.599545e-01,      7.386603e-02 
09216,     3.876924e-01,      5.847976e-02 
10201,     3.447965e-01,      4.943831e-02 
15129,     2.449725e-01,      2.881105e-02 
20164,     1.905824e-01,      1.941758e-02 
25600,     1.593134e-01,      1.441043e-02 
27556,     1.516732e-01,      1.322231e-02 
];


n31_gpu_1.linf_error=[
04096,     2.130081e-01,      2.133733e-01 
05184,     1.409678e-01,      1.426482e-01 
06400,     8.556979e-02,      8.671270e-02 
07225,     5.849438e-02,      5.927651e-02 
08100,     3.697088e-02,      3.729971e-02 
09216,     2.937552e-02,      2.960128e-02 
10201,     2.542668e-02,      2.560147e-02 
15129,     1.490051e-02,      1.494558e-02 
20164,     1.120871e-02,      1.121972e-02 
25600,     9.354779e-03,      9.358774e-03 
27556,     8.851721e-03,      8.872696e-03 
];


% Benchmarks
% Avg (in ms), Total, Count
n31_gpu_1.advance=[
04096,          4.2217  ,      42216.9766  ,      10000
05184,          5.2672  ,      52671.9531  ,      10000
06400,          6.4257  ,      64257.3555  ,      10000
07225,          7.1843  ,      71843.3984  ,      10000
08100,          8.0311  ,      80310.7891  ,      10000
09216,          9.0766  ,      90765.6328  ,      10000
10201,         10.0309  ,      100308.7891  ,      10000
15129,         14.7027  ,      147026.7969  ,      10000
20164,         19.4760  ,      194759.6094  ,      10000
25600,         24.6445  ,      246445.0938  ,      10000
27556,         26.5169  ,      265168.6250  ,      10000
];


n31_gpu_1.rk4_eval=[
04096,          1.0385  ,      41540.7383  ,      40000
05184,          1.3002  ,      52009.7109  ,      40000
06400,          1.5895  ,      63581.4531  ,      40000
07225,          1.7780  ,      71120.4297  ,      40000
08100,          1.9904  ,      79615.2578  ,      40000
09216,          2.2524  ,      90094.9766  ,      40000
10201,          2.4889  ,      99555.2344  ,      40000
15129,          3.6563  ,      146252.4844  ,      40000
20164,          4.8482  ,      193927.3438  ,      40000
25600,          6.1398  ,      245592.9844  ,      40000
27556,          6.6063  ,      264253.3438  ,      40000
];


n31_gpu_1.rk4_adv=[
04096,          0.0551  ,        550.7983  ,      10000
05184,          0.0546  ,        546.0829  ,      10000
06400,          0.0560  ,        560.1462  ,      10000
07225,          0.0603  ,        603.4277  ,      10000
08100,          0.0568  ,        568.0542  ,      10000
09216,          0.0563  ,        563.0601  ,      10000
10201,          0.0632  ,        632.0265  ,      10000
15129,          0.0646  ,        645.5701  ,      10000
20164,          0.0691  ,        690.6857  ,      10000
25600,          0.0684  ,        683.7250  ,      10000
27556,          0.0772  ,        771.6172  ,      10000
];


n31_gpu_1.sendrecv=[
04096,          0.0030  ,          0.0030  ,          1
05184,          0.0030  ,          0.0030  ,          1
06400,          0.0030  ,          0.0030  ,          1
07225,          0.0030  ,          0.0030  ,          1
08100,          0.0020  ,          0.0020  ,          1
09216,          0.0040  ,          0.0040  ,          1
10201,          0.0040  ,          0.0040  ,          1
15129,          0.0030  ,          0.0030  ,          1
20164,          0.0040  ,          0.0040  ,          1
25600,          0.0050  ,          0.0050  ,          1
27556,          0.0040  ,          0.0040  ,          1
];
