% Absolute, Relative
n17_gpu_1.l1_error=[
04096,     3.674640e+01,      1.091070e+00 
05184,     4.192690e+01,      9.832594e-01 
06400,     4.637020e+01,      8.804546e-01 
07225,     4.856436e+01,      8.169407e-01 
08100,     5.048284e+01,      7.567930e-01 
09216,     5.216439e+01,      6.889012e-01 
10201,     5.326970e+01,      6.353946e-01 
15129,     5.442866e+01,      4.371894e-01 
20164,     5.235341e+01,      3.156195e-01 
25600,     4.940981e+01,      2.347005e-01 
27556,     4.828580e+01,      2.130705e-01 
];


n17_gpu_1.l2_error=[
04096,     2.821208e+00,      6.382979e-01 
05184,     2.904437e+00,      5.840737e-01 
06400,     2.932571e+00,      5.298705e-01 
07225,     2.913521e+00,      4.958494e-01 
08100,     2.883876e+00,      4.631338e-01 
09216,     2.814204e+00,      4.244964e-01 
10201,     2.745689e+00,      3.936879e-01 
15129,     2.342849e+00,      2.755409e-01 
20164,     1.949830e+00,      1.986594e-01 
25600,     1.615182e+00,      1.460987e-01 
27556,     1.517211e+00,      1.322647e-01 
];


n17_gpu_1.linf_error=[
04096,     6.718486e-01,      6.730006e-01 
05184,     6.101883e-01,      6.174623e-01 
06400,     5.542615e-01,      5.616644e-01 
07225,     5.198135e-01,      5.267639e-01 
08100,     4.891714e-01,      4.935222e-01 
09216,     4.496025e-01,      4.530578e-01 
10201,     4.173746e-01,      4.202437e-01 
15129,     2.890275e-01,      2.899017e-01 
20164,     2.006176e-01,      2.008146e-01 
25600,     1.374034e-01,      1.374621e-01 
27556,     1.209210e-01,      1.212075e-01 
];


% Benchmarks
% Avg (in ms), Total, Count
n17_gpu_1.advance=[
04096,          4.1995  ,      41994.9609  ,      10000
05184,          5.2426  ,      52426.0156  ,      10000
06400,          6.4077  ,      64076.6953  ,      10000
07225,          7.1541  ,      71540.8203  ,      10000
08100,          7.9980  ,      79980.1562  ,      10000
09216,          9.0352  ,      90352.4688  ,      10000
10201,          9.9990  ,      99990.0938  ,      10000
15129,         14.6321  ,      146321.2500  ,      10000
20164,         19.4870  ,      194869.9219  ,      10000
25600,         24.5977  ,      245976.8281  ,      10000
27556,         26.4960  ,      264959.8438  ,      10000
];


n17_gpu_1.rk4_eval=[
04096,          1.0334  ,      41337.4297  ,      40000
05184,          1.2943  ,      51772.4375  ,      40000
06400,          1.5855  ,      63418.6836  ,      40000
07225,          1.7705  ,      70820.5625  ,      40000
08100,          1.9815  ,      79260.9375  ,      40000
09216,          2.2423  ,      89690.4219  ,      40000
10201,          2.4801  ,      99205.9453  ,      40000
15129,          3.6387  ,      145546.1562  ,      40000
20164,          4.8515  ,      194061.5000  ,      40000
25600,          6.1293  ,      245170.3750  ,      40000
27556,          6.6011  ,      264045.5938  ,      40000
];


n17_gpu_1.rk4_adv=[
04096,          0.0537  ,        537.1793  ,      10000
05184,          0.0547  ,        547.3423  ,      10000
06400,          0.0551  ,        550.7007  ,      10000
07225,          0.0610  ,        609.6775  ,      10000
08100,          0.0597  ,        596.9543  ,      10000
09216,          0.0548  ,        548.4631  ,      10000
10201,          0.0658  ,        657.7140  ,      10000
15129,          0.0653  ,        653.2743  ,      10000
20164,          0.0687  ,        686.7170  ,      10000
25600,          0.0668  ,        668.0133  ,      10000
27556,          0.0782  ,        781.6518  ,      10000
];


n17_gpu_1.sendrecv=[
04096,          0.0020  ,          0.0020  ,          1
05184,          0.0040  ,          0.0040  ,          1
06400,          0.0040  ,          0.0040  ,          1
07225,          0.0030  ,          0.0030  ,          1
08100,          0.0050  ,          0.0050  ,          1
09216,          0.0030  ,          0.0030  ,          1
10201,          0.0040  ,          0.0040  ,          1
15129,          0.0030  ,          0.0030  ,          1
20164,          0.0040  ,          0.0040  ,          1
25600,          0.0030  ,          0.0030  ,          1
27556,          0.0030  ,          0.0030  ,          1
];
