% Absolute, Relative
n101_gpu_1.l1_error=[
04096,     3.271379e+00,      9.713344e-02 
05184,     1.197614e+00,      2.808614e-02 
06400,     9.755989e-01,      1.852419e-02 
07225,     9.495601e-01,      1.597332e-02 
08100,     9.277691e-01,      1.390827e-02 
09216,     9.044940e-01,      1.194506e-02 
10201,     8.283149e-01,      9.880039e-03 
15129,     7.142172e-01,      5.736834e-03 
20164,     6.577998e-01,      3.965633e-03 
25600,     6.363482e-01,      3.022704e-03 
27556,     6.318869e-01,      2.788324e-03 
];


n101_gpu_1.l2_error=[
04096,     8.855575e-02,      2.003573e-02 
05184,     5.803576e-02,      1.167082e-02 
06400,     4.628997e-02,      8.363885e-03 
07225,     4.282062e-02,      7.287601e-03 
08100,     4.012527e-02,      6.443886e-03 
09216,     3.807684e-02,      5.743535e-03 
10201,     3.406753e-02,      4.884739e-03 
15129,     2.640302e-02,      3.105242e-03 
20164,     2.282339e-02,      2.325372e-03 
25600,     2.120604e-02,      1.918158e-03 
27556,     2.079597e-02,      1.812915e-03 
];


n101_gpu_1.linf_error=[
04096,     1.071335e-02,      1.073172e-02 
05184,     6.919857e-03,      7.002348e-03 
06400,     5.191103e-03,      5.260438e-03 
07225,     4.653545e-03,      4.715767e-03 
08100,     4.057388e-03,      4.093476e-03 
09216,     3.792448e-03,      3.821594e-03 
10201,     3.482182e-03,      3.506119e-03 
15129,     2.619765e-03,      2.627689e-03 
20164,     2.196506e-03,      2.198663e-03 
25600,     2.163401e-03,      2.164325e-03 
27556,     2.160052e-03,      2.165170e-03 
];


% Benchmarks
% Avg (in ms), Total, Count
n101_gpu_1.advance=[
04096,          5.1164  ,      51163.8516  ,      10000
05184,          6.4274  ,      64274.3516  ,      10000
06400,          7.7952  ,      77952.0781  ,      10000
07225,          8.7906  ,      87906.2031  ,      10000
08100,          9.7627  ,      97627.4609  ,      10000
09216,         11.0799  ,      110798.5703  ,      10000
10201,         12.2795  ,      122795.0312  ,      10000
15129,         17.9843  ,      179843.3438  ,      10000
20164,         23.9199  ,      239198.5469  ,      10000
25600,         30.1857  ,      301856.7500  ,      10000
27556,         32.4474  ,      324474.0000  ,      10000
];


n101_gpu_1.rk4_eval=[
04096,          1.2628  ,      50512.6523  ,      40000
05184,          1.5898  ,      63592.3906  ,      40000
06400,          1.9317  ,      77268.3906  ,      40000
07225,          2.1798  ,      87192.9922  ,      40000
08100,          2.4234  ,      96937.6719  ,      40000
09216,          2.7532  ,      110128.0391  ,      40000
10201,          3.0512  ,      122049.7500  ,      40000
15129,          4.4764  ,      179054.3438  ,      40000
20164,          5.9591  ,      238364.4375  ,      40000
25600,          7.5268  ,      301071.7812  ,      40000
27556,          8.0895  ,      323578.2188  ,      40000
];


n101_gpu_1.rk4_adv=[
04096,          0.0538  ,        538.4081  ,      10000
05184,          0.0569  ,        568.6530  ,      10000
06400,          0.0564  ,        563.9613  ,      10000
07225,          0.0601  ,        600.5209  ,      10000
08100,          0.0573  ,        573.2480  ,      10000
09216,          0.0556  ,        556.1437  ,      10000
10201,          0.0632  ,        631.5510  ,      10000
15129,          0.0658  ,        657.7556  ,      10000
20164,          0.0696  ,        696.3829  ,      10000
25600,          0.0658  ,        658.4640  ,      10000
27556,          0.0768  ,        767.9364  ,      10000
];


n101_gpu_1.sendrecv=[
04096,          0.0030  ,          0.0030  ,          1
05184,          0.0030  ,          0.0030  ,          1
06400,          0.0020  ,          0.0020  ,          1
07225,          0.0020  ,          0.0020  ,          1
08100,          0.0040  ,          0.0040  ,          1
09216,          0.0040  ,          0.0040  ,          1
10201,          0.0030  ,          0.0030  ,          1
15129,          0.0040  ,          0.0040  ,          1
20164,          0.0040  ,          0.0040  ,          1
25600,          0.0040  ,          0.0040  ,          1
27556,          0.0030  ,          0.0030  ,          1
];
