% Absolute, Relative
n101_gpu_1.l1_error=[
04096,     
05184,     1.336028e+00,      3.133220e-02 
06400,     9.387316e-01,      1.782418e-02 
07225,     9.654629e-01,      1.624084e-02 
08100,     9.057903e-01,      1.357879e-02 
09216,     8.135262e-01,      1.074371e-02 
10201,     7.759367e-01,      9.255278e-03 
15129,     6.706890e-01,      5.387201e-03 
20164,     6.201925e-01,      3.738913e-03 
25600,     6.162243e-01,      2.927114e-03 
27556,     6.156323e-01,      2.716597e-03 
];


n101_gpu_1.l2_error=[
04096,     
05184,     4.967772e-02,      9.990046e-03 
06400,     3.980003e-02,      7.191255e-03 
07225,     3.910402e-02,      6.655077e-03 
08100,     3.558402e-02,      5.714589e-03 
09216,     3.188555e-02,      4.809636e-03 
10201,     2.935631e-02,      4.209226e-03 
15129,     2.328645e-02,      2.738704e-03 
20164,     2.061791e-02,      2.100666e-03 
25600,     1.995110e-02,      1.804645e-03 
27556,     1.980301e-02,      1.726353e-03 
];


n101_gpu_1.linf_error=[
04096,     
05184,     5.848646e-03,      5.918366e-03 
06400,     4.625619e-03,      4.687401e-03 
07225,     4.355366e-03,      4.413602e-03 
08100,     3.605641e-03,      3.637710e-03 
09216,     3.490345e-03,      3.517169e-03 
10201,     3.187540e-03,      3.209451e-03 
15129,     2.494231e-03,      2.501775e-03 
20164,     2.144236e-03,      2.146341e-03 
25600,     2.198417e-03,      2.199355e-03 
27556,     2.197227e-03,      2.202434e-03 
];


% Benchmarks
% Avg (in ms), Total, Count
n101_gpu_1.advance=[
04096,     
05184,          6.4228  ,      64228.3867  ,      10000
06400,          7.7951  ,      77950.9766  ,      10000
07225,          8.7837  ,      87836.9766  ,      10000
08100,          9.7859  ,      97858.7578  ,      10000
09216,         11.0899  ,      110899.1797  ,      10000
10201,         12.2509  ,      122508.7266  ,      10000
15129,         18.0296  ,      180296.1562  ,      10000
20164,         23.8763  ,      238763.4062  ,      10000
25600,         30.2938  ,      302937.9688  ,      10000
27556,         32.4440  ,      324439.8438  ,      10000
];


n101_gpu_1.rk4_eval=[
04096,     
05184,          1.5889  ,      63555.4492  ,      40000
06400,          1.9318  ,      77270.1562  ,      40000
07225,          2.1777  ,      87109.0781  ,      40000
08100,          2.4293  ,      97173.9688  ,      40000
09216,          2.7555  ,      110220.3750  ,      40000
10201,          3.0441  ,      121765.0000  ,      40000
15129,          4.4880  ,      179520.2969  ,      40000
20164,          5.9481  ,      237923.1094  ,      40000
25600,          7.5535  ,      302139.2812  ,      40000
27556,          8.0886  ,      323542.4062  ,      40000
];


n101_gpu_1.rk4_adv=[
04096,     
05184,          0.0556  ,        555.9111  ,      10000
06400,          0.0562  ,        562.2141  ,      10000
07225,          0.0608  ,        608.3488  ,      10000
08100,          0.0570  ,        569.5219  ,      10000
09216,          0.0565  ,        565.1786  ,      10000
10201,          0.0632  ,        631.5037  ,      10000
15129,          0.0658  ,        658.2939  ,      10000
20164,          0.0711  ,        711.4337  ,      10000
25600,          0.0658  ,        657.7543  ,      10000
27556,          0.0762  ,        762.0558  ,      10000
];


n101_gpu_1.sendrecv=[
04096,     
05184,          0.0040  ,          0.0040  ,          1
06400,          0.0030  ,          0.0030  ,          1
07225,          0.0030  ,          0.0030  ,          1
08100,          0.0040  ,          0.0040  ,          1
09216,          0.0030  ,          0.0030  ,          1
10201,          0.0030  ,          0.0030  ,          1
15129,          0.0030  ,          0.0030  ,          1
20164,          0.0030  ,          0.0030  ,          1
25600,          0.0040  ,          0.0040  ,          1
27556,          0.0030  ,          0.0030  ,          1
];
